0.30490726746429253
0.2998332610969142
0.29471087669942153
0.29431413249496546
0.3083409719241759
0.3061167700866644
0.29380320728659876
0.3063736304622144
0.29581681420231665
0.3056807051998857
0.3004601045182669
0.30055644151614747
0.31382816428802407
0.3119428229811189
0.2994339866513837
0.31234944649990803
0.3023020755273215
0.29569347024984965
0.2958974113966986
0.3088523433391488
0.3068696832055495
0.29443580842587624
0.3074818226149533
0.2977289064731882
0.2905690921503091
0.3035709459141614
0.3016977076464991
0.2895861118401202
0.30222449500455395
0.2923293291326558
0.303633744334899
0.3016072407143026
0.28919247060531134
0.3022381461585245
0.29290437296105165
0.31513915368327816
0.3024956793844531
0.31551414167632247
0.30536901937204264
0.3007104159287124
0.3136138248135169
0.3035038518103347
0.3011065332647991
0.2911732410948839
0.3042143933148649
