0.039599984884262085
0.058750003576278687
0.045399993658065796
0.0475500226020813
0.04424998164176941
0.049649953842163086
0.04330000281333923
0.05754998326301575
0.03804999589920044
0.0317000150680542
0.039000004529953
0.046549975872039795
0.03909999132156372
0.03434997797012329
0.030699968338012695
0.04179999232292175
0.037099987268447876
0.05070000886917114
0.04045000672340393
0.03329998254776001
0.020999997854232788
0.039449989795684814
0.04794999957084656
0.02785000205039978
0.035500019788742065
0.03685000538825989
0.044649988412857056
0.030699968338012695
0.05059999227523804
0.04785004258155823
0.042999982833862305
0.04879996180534363
0.04635000228881836
0.042900025844573975
0.036500006914138794
0.027050018310546875
0.029549986124038696
0.03255000710487366
0.036499977111816406
0.03525000810623169
0.038600027561187744
0.031200021505355835
0.02920001745223999
0.0394500195980072
0.04719999432563782
